19104 64426.0
19148 18363.0
19126 1204.0
19103 107608.0
19147 67191.0
19125 2521.0
19106 48401.0
19128 2809.0
19127 11596.0
19149 4726.0
19144 12360.0
19122 2931.0
19143 5900.0
19121 10598.0
19146 31625.0
19102 32628.0
19124 11605.0
19123 26248.0
19145 13943.0
19140 17558.0
19142 5558.0
19120 10931.0
19141 14927.0
19108 36.0
19107 93142.0
19129 3551.0
19109 356.0
19136 2220.0
19114 67.0
19139 17393.0
19138 694.0
19133 3801.0
19111 2531.0
19132 6435.0
19110 761.0
19135 3021.0
19134 6917.0
19151 1511.0
19150 717.0
19131 2297.0
19153 399.0
19130 41642.0
19152 1215.0
19119 1647.0
19118 3108.0
